Baseline average performance across random seeds 40-49:
  - MSE: 3622585.6718937582
  - MAE: 1363.6557432045165
  - RMSE: 1870.9542733026399
  - R2 Score: 0.36688826887002307
