Neural network average performance across random seeds 0-4:
  - MSE: 3024218.625883514
  - MAE: 1167.421798076923
  - RMSE: 1703.2562115182427
  - R2 Score: 0.6425354039640951
