Neural network average performance across random seeds 0-4:
  - MSE: 3024218.7865514704
  - MAE: 1167.4218942307693
  - RMSE: 1703.2562844091358
  - R2 Score: 0.6425353641488601
