Random forest average performance across random seeds 0-4:
  - MSE: 3472161.626195868
  - MAE: 1138.0641554321965
  - RMSE: 1805.200910282802
  - R2 Score: 0.61213049288302
