RF average performance across random seeds 0-9:
  - MSE: 3034398.1108240383
  - MAE: 1117.7656730769231
  - RMSE: 1681.7793489676228
  - R2 Score: 0.6114842426808212
