RF average performance across random seeds 0-4:
  - MSE: 3379839.454085
  - MAE: 1133.0883461538463
  - RMSE: 1765.1445798380719
  - R2 Score: 0.6312045916840355
