Random forest average performance across random seeds 40-49:
  - MSE: 2694280.6473955773
  - MAE: 1083.1328653846153
  - RMSE: 1603.9318173047272
  - R2 Score: 0.5297914409541158
