RF average performance across random seeds 40-49:
  - MSE: 3120651.1558738877
  - MAE: 1176.4707875457877
  - RMSE: 1735.376744080121
  - R2 Score: 0.4271566932831982
